3.01603800e-02 2.31533000e-03 4.95110000e-04 1.90834000e-03 1.45997000e-03 -7.08400000e-05 -5.53780000e-04 5.37424000e-03 1.07854000e-03 -7.51390000e-04 5.85740000e-04 -1.26380000e-04 -2.58050000e-04 1.44837000e-03 1.15270000e-03 3.20994000e-03 2.90254000e-03 9.41110000e-04 -5.92957000e-03 -5.40433000e-03 2.65618000e-03 3.11027000e-03 -9.16470000e-04 2.13689000e-03 4.88520000e-03 1.10361000e-03 3.88593000e-03 4.81943000e-03 4.24117000e-03 7.04550000e-04 2.53719000e-03 1.57929000e-03 1.95838000e-03 9.95430000e-04 4.57916000e-03 2.55513000e-03 -6.04599000e-03 8.47076000e-03 5.49902000e-03 2.42057000e-03 7.60125000e-03 3.99370000e-04 1.50887000e-03 2.31485000e-03 8.49920000e-04 3.45067000e-03 2.63551000e-03 5.29035000e-03
2.31533000e-03 3.88037300e-02 2.52083000e-03 -9.71600000e-05 1.47260000e-04 -3.42460000e-04 -2.62900000e-04 2.12652000e-03 -1.48140000e-04 8.79500000e-05 -5.82100000e-05 1.49700000e-05 5.10600000e-05 5.72300000e-04 1.16830000e-04 2.21140000e-03 2.28616000e-03 -6.41300000e-04 -4.48360000e-04 -4.82660000e-04 1.77247000e-03 2.79809000e-03 3.69516000e-03 2.10695000e-03 1.79403000e-03 2.44742000e-03 2.34051000e-03 2.01046000e-03 2.13460000e-03 -1.75400000e-04 1.79815000e-03 1.68094000e-03 2.13299000e-03 1.63061000e-03 1.37355000e-03 1.73477000e-03 -6.03950000e-04 1.81402000e-03 2.66444000e-03 1.67605000e-03 2.48828000e-03 -1.77930000e-04 2.19136000e-03 2.58251000e-03 2.57097000e-03 2.68510000e-04 2.25740000e-03 1.25140000e-03
4.95110000e-04 2.52083000e-03 2.72903800e-02 -1.98977000e-03 -1.18125000e-03 -7.21150000e-04 -1.27820000e-04 -7.15130000e-04 -1.19692000e-03 7.37180000e-04 -8.36860000e-04 2.69000000e-06 1.57030000e-04 -4.52830000e-04 -9.84000000e-04 1.10987000e-03 1.65670000e-03 -1.96098000e-03 4.37012000e-03 3.86508000e-03 9.66250000e-04 2.39195000e-03 7.75254000e-03 1.95051000e-03 -9.67910000e-04 3.41747000e-03 8.53990000e-04 -5.34720000e-04 2.64200000e-04 -1.08395000e-03 9.16930000e-04 1.57221000e-03 2.12757000e-03 2.07385000e-03 -1.34629000e-03 8.27130000e-04 4.20071000e-03 -4.02015000e-03 6.81500000e-05 8.14260000e-04 -1.96473000e-03 -8.83050000e-04 2.73936000e-03 2.71828000e-03 3.96431000e-03 -2.66932000e-03 1.61132000e-03 -2.12687000e-03
1.90834000e-03 -9.71600000e-05 -1.98977000e-03 3.06762700e-02 2.34272000e-03 8.55150000e-04 1.98550000e-04 3.14870000e-03 1.14916000e-03 -1.22910000e-04 1.36849000e-03 6.08420000e-04 2.22070000e-04 1.76167000e-03 2.04527000e-03 7.83480000e-04 6.15170000e-04 1.29639000e-03 -5.42212000e-03 -4.75952000e-03 7.35350000e-04 5.78870000e-04 -3.78843000e-03 -2.18610000e-04 2.70471000e-03 -1.39210000e-03 1.63942000e-03 2.47852000e-03 2.06917000e-03 1.65870000e-03 5.43810000e-04 -6.03300000e-04 -1.92070000e-04 -1.47344000e-03 2.51921000e-03 5.78240000e-04 -5.48648000e-03 6.60414000e-03 3.44653000e-03 5.40290000e-04 4.92779000e-03 1.22711000e-03 -6.09740000e-04 -1.15720000e-04 -1.60364000e-03 4.39843000e-03 2.61600000e-04 3.12673000e-03
1.45997000e-03 1.47260000e-04 -1.18125000e-03 2.34272000e-03 5.43199600e-02 9.84900000e-04 3.43440000e-04 2.38234000e-03 7.95730000e-04 3.56380000e-04 1.48851000e-03 7.68020000e-04 4.92210000e-04 1.67099000e-03 1.79069000e-03 6.09150000e-04 5.93080000e-04 8.81370000e-04 -3.87991000e-03 -3.25565000e-03 5.00570000e-04 6.91090000e-04 -2.11682000e-03 -1.37530000e-04 1.81797000e-03 -8.55320000e-04 1.33187000e-03 1.72788000e-03 1.59379000e-03 1.36620000e-03 3.34670000e-04 -5.81470000e-04 -9.80100000e-05 -1.35166000e-03 1.46316000e-03 3.40310000e-04 -3.92307000e-03 4.55431000e-03 2.70901000e-03 2.65800000e-04 3.55051000e-03 1.14743000e-03 -2.55620000e-04 3.30000000e-05 -9.25710000e-04 3.26792000e-03 2.57840000e-04 1.86584000e-03
-7.08400000e-05 -3.42460000e-04 -7.21150000e-04 8.55150000e-04 9.84900000e-04 1.90364800e-02 4.53920000e-04 -4.14000000e-06 2.48200000e-04 4.50090000e-04 7.54550000e-04 5.01050000e-04 5.21820000e-04 5.47040000e-04 7.20890000e-04 -2.68390000e-04 -2.11210000e-04 3.84490000e-04 -6.43980000e-04 -4.14480000e-04 -1.49630000e-04 -3.22960000e-04 -1.10508000e-03 -3.93380000e-04 6.70000000e-06 -5.29200000e-04 -7.60500000e-05 -5.52200000e-05 -2.74700000e-05 6.39390000e-04 -1.43520000e-04 -3.89060000e-04 -3.13410000e-04 -7.36200000e-04 -4.50600000e-05 -1.53400000e-04 -5.86600000e-04 4.96970000e-04 2.23300000e-04 -1.16900000e-04 2.17000000e-05 6.85320000e-04 -3.86310000e-04 -4.48490000e-04 -6.35880000e-04 8.99100000e-04 -2.74750000e-04 -5.36000000e-06
-5.53780000e-04 -2.62900000e-04 -1.27820000e-04 1.98550000e-04 3.43440000e-04 4.53920000e-04 9.44985000e-03 -8.16480000e-04 -1.17970000e-04 5.35410000e-04 4.06180000e-04 4.25390000e-04 4.71170000e-04 2.43760000e-04 2.95780000e-04 -4.74680000e-04 -3.34120000e-04 -9.21700000e-05 8.34840000e-04 8.58330000e-04 -3.01520000e-04 -3.93260000e-04 1.06630000e-04 -3.15940000e-04 -7.14530000e-04 -9.33800000e-05 -4.67160000e-04 -7.05250000e-04 -5.34240000e-04 3.18080000e-04 -2.66860000e-04 -2.66530000e-04 -2.10040000e-04 -4.20620000e-04 -7.48580000e-04 -2.74680000e-04 8.71590000e-04 -1.24244000e-03 -5.80820000e-04 -2.32460000e-04 -1.25776000e-03 4.07700000e-04 -1.59430000e-04 -3.28990000e-04 -1.38450000e-04 -4.07200000e-05 -3.27100000e-04 -8.69550000e-04
5.37424000e-03 2.12652000e-03 -7.15130000e-04 3.14870000e-03 2.38234000e-03 -4.14000000e-06 -8.16480000e-04 2.74381450e-01 1.71360000e-03 -1.39095000e-03 9.62580000e-04 -2.21720000e-04 -6.22680000e-04 2.18391000e-03 1.84776000e-03 3.98818000e-03 3.14884000e-03 1.86453000e-03 -8.89594000e-03 -8.28140000e-03 3.21068000e-03 3.26782000e-03 -3.84513000e-03 2.13476000e-03 6.96190000e-03 1.39500000e-04 4.84065000e-03 6.87867000e-03 5.70419000e-03 1.25563000e-03 2.98204000e-03 1.57397000e-03 1.68455000e-03 9.10220000e-04 6.79375000e-03 3.10503000e-03 -9.20584000e-03 1.31768600e-02 7.14601000e-03 2.87849000e-03 1.14048800e-02 6.61770000e-04 1.15522000e-03 2.05937000e-03 -2.13210000e-04 5.63713000e-03 2.89033000e-03 8.37911000e-03
1.07854000e-03 -1.48140000e-04 -1.19692000e-03 1.14916000e-03 7.95730000e-04 2.48200000e-04 -1.17970000e-04 1.71360000e-03 2.99350100e-02 -4.02700000e-04 4.54540000e-04 -1.98900000e-05 -7.69300000e-05 4.64830000e-04 6.74220000e-04 5.51870000e-04 2.79960000e-04 1.03893000e-03 -3.00854000e-03 -2.64682000e-03 4.28780000e-04 1.18290000e-04 -2.73403000e-03 -1.21000000e-06 1.69112000e-03 -7.83700000e-04 8.36820000e-04 1.52619000e-03 1.11560000e-03 5.36530000e-04 4.30430000e-04 -5.34500000e-05 -8.46900000e-05 -3.67280000e-04 1.77557000e-03 4.45820000e-04 -2.92877000e-03 3.68005000e-03 1.54105000e-03 4.04580000e-04 2.73029000e-03 4.40800000e-04 -4.18870000e-04 -2.01090000e-04 -1.00859000e-03 1.75483000e-03 2.22860000e-04 2.21448000e-03
-7.51390000e-04 8.79500000e-05 7.37180000e-04 -1.22910000e-04 3.56380000e-04 4.50090000e-04 5.35410000e-04 -1.39095000e-03 -4.02700000e-04 2.20811800e-02 4.39440000e-04 6.66650000e-04 6.40750000e-04 2.39840000e-04 3.21570000e-04 -6.21110000e-04 -2.52080000e-04 -6.13940000e-04 1.99094000e-03 2.04142000e-03 -4.54540000e-04 -3.78100000e-05 2.08545000e-03 -2.00920000e-04 -1.43565000e-03 4.39350000e-04 -5.44550000e-04 -1.30173000e-03 -7.77280000e-04 2.02960000e-04 -4.45430000e-04 -3.97300000e-04 3.51500000e-05 -5.40830000e-04 -1.57183000e-03 -4.92980000e-04 2.06309000e-03 -2.70751000e-03 -7.12840000e-04 -4.93950000e-04 -2.25804000e-03 3.63480000e-04 3.03610000e-04 8.28700000e-05 6.24390000e-04 -5.72370000e-04 -3.29550000e-04 -1.94124000e-03
5.85740000e-04 -5.82100000e-05 -8.36860000e-04 1.36849000e-03 1.48851000e-03 7.54550000e-04 4.06180000e-04 9.62580000e-04 4.54540000e-04 4.39440000e-04 3.79576900e-02 6.43690000e-04 4.75340000e-04 1.03976000e-03 1.19761000e-03 1.81460000e-04 1.15980000e-04 5.65270000e-04 -1.92745000e-03 -1.46785000e-03 8.88800000e-05 1.06900000e-04 -1.51517000e-03 -1.91040000e-04 7.54610000e-04 -5.20340000e-04 5.20800000e-04 7.41650000e-04 6.71300000e-04 9.23680000e-04 1.40050000e-04 -3.95900000e-04 -1.55420000e-04 -9.34610000e-04 6.50250000e-04 1.35830000e-04 -1.82773000e-03 2.00486000e-03 1.18747000e-03 7.35800000e-05 1.37154000e-03 9.23660000e-04 -2.79120000e-04 -2.52220000e-04 -6.82410000e-04 1.73900000e-03 5.66900000e-05 9.57870000e-04
-1.26380000e-04 1.49700000e-05 2.69000000e-06 6.08420000e-04 7.68020000e-04 5.01050000e-04 4.25390000e-04 -2.21720000e-04 -1.98900000e-05 6.66650000e-04 6.43690000e-04 4.85714400e-02 5.13960000e-04 6.11390000e-04 7.55150000e-04 -2.47650000e-04 -1.16460000e-04 -1.36930000e-04 2.24600000e-04 3.83640000e-04 -2.16210000e-04 4.27000000e-05 4.59330000e-04 -2.16210000e-04 -4.09000000e-04 -4.22400000e-05 -3.50400000e-05 -3.15110000e-04 -8.00000000e-05 5.54280000e-04 -1.84460000e-04 -4.21750000e-04 -4.44100000e-05 -7.26320000e-04 -4.75940000e-04 -2.15540000e-04 2.46930000e-04 -3.58670000e-04 2.50870000e-04 -2.28850000e-04 -4.88630000e-04 5.89280000e-04 4.94800000e-05 -3.12700000e-05 2.22500000e-05 6.60890000e-04 -1.63920000e-04 -4.97920000e-04
-2.58050000e-04 5.10600000e-05 1.57030000e-04 2.22070000e-04 4.92210000e-04 5.21820000e-04 4.71170000e-04 -6.22680000e-04 -7.69300000e-05 6.40750000e-04 4.75340000e-04 5.13960000e-04 3.07984900e-02 3.47190000e-04 3.79940000e-04 -2.47490000e-04 -8.20500000e-05 -1.37500000e-04 7.59010000e-04 8.29850000e-04 -1.43850000e-04 -6.92800000e-05 5.05320000e-04 -9.85400000e-05 -5.75850000e-04 1.74400000e-04 -1.65240000e-04 -4.97070000e-04 -2.68280000e-04 3.13710000e-04 -6.38400000e-05 -1.05440000e-04 8.16900000e-05 -3.63920000e-04 -5.80590000e-04 -1.09460000e-04 8.29940000e-04 -1.08239000e-03 -1.85160000e-04 -4.16800000e-05 -1.14197000e-03 4.93300000e-04 1.52200000e-04 -4.15400000e-05 1.57420000e-04 3.52000000e-06 -7.04900000e-05 -6.59660000e-04
1.44837000e-03 5.72300000e-04 -4.52830000e-04 1.76167000e-03 1.67099000e-03 5.47040000e-04 2.43760000e-04 2.18391000e-03 4.64830000e-04 2.39840000e-04 1.03976000e-03 6.11390000e-04 3.47190000e-04 3.32125200e-02 1.35852000e-03 9.06510000e-04 7.65190000e-04 2.88030000e-04 -2.84022000e-03 -2.50653000e-03 6.70740000e-04 1.01795000e-03 -9.52150000e-04 2.85970000e-04 1.72584000e-03 -1.23160000e-04 1.39256000e-03 1.68641000e-03 1.53289000e-03 1.02507000e-03 6.55430000e-04 -1.99610000e-04 3.55180000e-04 -7.79730000e-04 1.16120000e-03 6.83850000e-04 -2.97074000e-03 3.70474000e-03 2.30748000e-03 5.22290000e-04 3.18643000e-03 8.00090000e-04 2.00650000e-04 5.49650000e-04 -2.39950000e-04 2.59948000e-03 6.77550000e-04 1.43225000e-03
1.15270000e-03 1.16830000e-04 -9.84000000e-04 2.04527000e-03 1.79069000e-03 7.20890000e-04 2.95780000e-04 1.84776000e-03 6.74220000e-04 3.21570000e-04 1.19761000e-03 7.55150000e-04 3.79940000e-04 1.35852000e-03 5.13003500e-02 4.40560000e-04 3.60500000e-04 6.57200000e-04 -2.99776000e-03 -2.48151000e-03 3.11840000e-04 5.21690000e-04 -1.65712000e-03 -1.43840000e-04 1.37262000e-03 -7.06800000e-04 1.05560000e-03 1.37285000e-03 1.27483000e-03 1.29380000e-03 2.72780000e-04 -5.32020000e-04 -2.78400000e-05 -1.19958000e-03 1.30706000e-03 2.53130000e-04 -3.00230000e-03 3.73400000e-03 2.34919000e-03 2.12480000e-04 2.69733000e-03 1.07936000e-03 -1.90890000e-04 4.15000000e-05 -7.42510000e-04 3.00573000e-03 1.82370000e-04 1.72601000e-03
3.20994000e-03 2.21140000e-03 1.10987000e-03 7.83480000e-04 6.09150000e-04 -2.68390000e-04 -4.74680000e-04 3.98818000e-03 5.51870000e-04 -6.21110000e-04 1.81460000e-04 -2.47650000e-04 -2.47490000e-04 9.06510000e-04 4.40560000e-04 4.79928300e-02 2.40517000e-03 4.08400000e-04 -3.26033000e-03 -3.13226000e-03 2.21872000e-03 2.60730000e-03 2.70860000e-04 2.10431000e-03 3.63465000e-03 1.57115000e-03 2.99334000e-03 3.68156000e-03 3.16993000e-03 1.64520000e-04 2.30694000e-03 1.83996000e-03 1.88181000e-03 1.66602000e-03 3.34149000e-03 2.32007000e-03 -3.43549000e-03 5.56830000e-03 3.68247000e-03 2.19086000e-03 5.34539000e-03 5.75600000e-05 1.59119000e-03 2.13019000e-03 1.33797000e-03 1.71040000e-03 2.50325000e-03 3.82432000e-03
2.90254000e-03 2.28616000e-03 1.65670000e-03 6.15170000e-04 5.93080000e-04 -2.11210000e-04 -3.34120000e-04 3.14884000e-03 2.79960000e-04 -2.52080000e-04 1.15980000e-04 -1.16460000e-04 -8.20500000e-05 7.65190000e-04 3.60500000e-04 2.40517000e-03 5.09660000e-02 1.04400000e-05 -2.46690000e-03 -2.30913000e-03 2.10959000e-03 2.75197000e-03 1.82610000e-03 2.01035000e-03 2.84844000e-03 1.82408000e-03 2.76105000e-03 2.89959000e-03 2.78936000e-03 1.24930000e-04 1.95044000e-03 1.60353000e-03 1.93530000e-03 1.37221000e-03 2.49079000e-03 1.94220000e-03 -2.61412000e-03 4.08002000e-03 3.52603000e-03 1.90556000e-03 4.20648000e-03 -2.85200000e-05 1.82180000e-03 2.34508000e-03 1.79449000e-03 1.34024000e-03 2.21576000e-03 2.64202000e-03
9.41110000e-04 -6.41300000e-04 -1.96098000e-03 1.29639000e-03 8.81370000e-04 3.84490000e-04 -9.21700000e-05 1.86453000e-03 1.03893000e-03 -6.13940000e-04 5.65270000e-04 -1.36930000e-04 -1.37500000e-04 2.88030000e-04 6.57200000e-04 4.08400000e-04 1.04400000e-05 1.02981270e-01 -3.58275000e-03 -3.16104000e-03 3.48940000e-04 -4.60280000e-04 -4.42439000e-03 -2.64860000e-04 1.90930000e-03 -1.34915000e-03 6.14290000e-04 1.71476000e-03 1.07993000e-03 6.17310000e-04 3.48010000e-04 -4.66500000e-05 -4.86940000e-04 -3.69970000e-04 2.30197000e-03 3.93950000e-04 -3.43447000e-03 4.25092000e-03 1.29303000e-03 4.20920000e-04 2.92851000e-03 5.61390000e-04 -8.93760000e-04 -8.32580000e-04 -1.74234000e-03 1.87699000e-03 -2.35300000e-05 3.08165000e-03
-5.92957000e-03 -4.48360000e-04 4.37012000e-03 -5.42212000e-03 -3.87991000e-03 -6.43980000e-04 8.34840000e-04 -8.89594000e-03 -3.00854000e-03 1.99094000e-03 -1.92745000e-03 2.24600000e-04 7.59010000e-04 -2.84022000e-03 -2.99776000e-03 -3.26033000e-03 -2.46690000e-03 -3.58275000e-03 6.00851500e-02 1.34296200e-02 -2.72713000e-03 -2.01440000e-03 1.02497500e-02 -7.08160000e-04 -8.39669000e-03 2.63628000e-03 -4.90519000e-03 -7.67784000e-03 -6.11093000e-03 -2.34208000e-03 -2.39939000e-03 2.15600000e-05 -2.60120000e-04 1.65650000e-03 -8.22998000e-03 -2.53275000e-03 1.49687400e-02 -1.76619500e-02 -8.70668000e-03 -2.25850000e-03 -1.40196500e-02 -1.48154000e-03 1.07343000e-03 -2.64060000e-04 3.47794000e-03 -8.67620000e-03 -1.76716000e-03 -1.00435900e-02
-5.40433000e-03 -4.82660000e-04 3.86508000e-03 -4.75952000e-03 -3.25565000e-03 -4.14480000e-04 8.58330000e-04 -8.28140000e-03 -2.64682000e-03 2.04142000e-03 -1.46785000e-03 3.83640000e-04 8.29850000e-04 -2.50653000e-03 -2.48151000e-03 -3.13226000e-03 -2.30913000e-03 -3.16104000e-03 1.34296200e-02 3.43667700e-02 -2.59255000e-03 -1.91555000e-03 9.19653000e-03 -7.38680000e-04 -7.75423000e-03 2.28631000e-03 -4.49551000e-03 -7.13522000e-03 -5.57690000e-03 -1.99182000e-03 -2.27523000e-03 -2.01750000e-04 -3.03240000e-04 1.10999000e-03 -7.50715000e-03 -2.40921000e-03 1.34776800e-02 -1.61948400e-02 -7.76820000e-03 -2.22375000e-03 -1.30178300e-02 -1.14848000e-03 9.03620000e-04 -3.88460000e-04 3.05120000e-03 -7.78265000e-03 -1.75464000e-03 -9.17742000e-03
2.65618000e-03 1.77247000e-03 9.66250000e-04 7.35350000e-04 5.00570000e-04 -1.49630000e-04 -3.01520000e-04 3.21068000e-03 4.28780000e-04 -4.54540000e-04 8.88800000e-05 -2.16210000e-04 -1.43850000e-04 6.70740000e-04 3.11840000e-04 2.21872000e-03 2.10959000e-03 3.48940000e-04 -2.72713000e-03 -2.59255000e-03 4.56211500e-02 2.15676000e-03 3.50860000e-04 1.74036000e-03 3.01753000e-03 1.28217000e-03 2.47317000e-03 2.96124000e-03 2.65097000e-03 1.90660000e-04 1.89299000e-03 1.54192000e-03 1.57357000e-03 1.36706000e-03 2.83009000e-03 1.93342000e-03 -2.84364000e-03 4.56673000e-03 3.14360000e-03 1.88624000e-03 4.32013000e-03 1.92800000e-05 1.37408000e-03 1.79653000e-03 1.12558000e-03 1.48826000e-03 1.94248000e-03 3.13402000e-03
3.11027000e-03 2.79809000e-03 2.39195000e-03 5.78870000e-04 6.91090000e-04 -3.22960000e-04 -3.93260000e-04 3.26782000e-03 1.18290000e-04 -3.78100000e-05 1.06900000e-04 4.27000000e-05 -6.92800000e-05 1.01795000e-03 5.21690000e-04 2.60730000e-03 2.75197000e-03 -4.60280000e-04 -2.01440000e-03 -1.91555000e-03 2.15676000e-03 2.97377400e-02 3.49595000e-03 2.24308000e-03 2.70257000e-03 2.31565000e-03 3.06055000e-03 2.85914000e-03 2.93803000e-03 1.13640000e-04 1.98723000e-03 1.54488000e-03 2.28859000e-03 1.33410000e-03 2.06578000e-03 1.94190000e-03 -2.26958000e-03 3.83921000e-03 3.94084000e-03 1.84869000e-03 4.32338000e-03 -9.84500000e-05 2.29859000e-03 2.97686000e-03 2.50306000e-03 1.41361000e-03 2.46972000e-03 2.00816000e-03
-9.16470000e-04 3.69516000e-03 7.75254000e-03 -3.78843000e-03 -2.11682000e-03 -1.10508000e-03 1.06630000e-04 -3.84513000e-03 -2.73403000e-03 2.08545000e-03 -1.51517000e-03 4.59330000e-04 5.05320000e-04 -9.52150000e-04 -1.65712000e-03 2.70860000e-04 1.82610000e-03 -4.42439000e-03 1.02497500e-02 9.19653000e-03 3.50860000e-04 3.49595000e-03 7.00957100e-02 2.27840000e-03 -4.35350000e-03 5.62987000e-03 -1.91600000e-05 -3.53781000e-03 -1.45255000e-03 -1.83514000e-03 5.00100000e-05 1.36738000e-03 2.96085000e-03 2.30994000e-03 -5.38988000e-03 -1.74070000e-04 9.82959000e-03 -1.10238300e-02 -1.49949000e-03 -9.50100000e-05 -6.75940000e-03 -1.61409000e-03 4.34569000e-03 4.36892000e-03 7.05534000e-03 -5.37767000e-03 1.47109000e-03 -7.60599000e-03
2.13689000e-03 2.10695000e-03 1.95051000e-03 -2.18610000e-04 -1.37530000e-04 -3.93380000e-04 -3.15940000e-04 2.13476000e-03 -1.21000000e-06 -2.00920000e-04 -1.91040000e-04 -2.16210000e-04 -9.85400000e-05 2.85970000e-04 -1.43840000e-04 2.10431000e-03 2.01035000e-03 -2.64860000e-04 -7.08160000e-04 -7.38680000e-04 1.74036000e-03 2.24308000e-03 2.27840000e-03 1.13652970e-01 2.01140000e-03 2.05477000e-03 2.07984000e-03 2.12422000e-03 2.02934000e-03 -2.87110000e-04 1.80544000e-03 1.75590000e-03 1.84843000e-03 1.79531000e-03 1.80848000e-03 1.79524000e-03 -7.88720000e-04 2.11057000e-03 2.18734000e-03 1.70951000e-03 2.54445000e-03 -2.44740000e-04 1.80166000e-03 2.08005000e-03 1.99502000e-03 5.83300000e-05 2.06887000e-03 1.87222000e-03
4.88520000e-03 1.79403000e-03 -9.67910000e-04 2.70471000e-03 1.81797000e-03 6.70000000e-06 -7.14530000e-04 6.96190000e-03 1.69112000e-03 -1.43565000e-03 7.54610000e-04 -4.09000000e-04 -5.75850000e-04 1.72584000e-03 1.37262000e-03 3.63465000e-03 2.84844000e-03 1.90930000e-03 -8.39669000e-03 -7.75423000e-03 3.01753000e-03 2.70257000e-03 -4.35350000e-03 2.01140000e-03 7.02658900e-02 1.29250000e-04 4.29081000e-03 6.20658000e-03 5.02512000e-03 1.01044000e-03 2.92460000e-03 1.65099000e-03 1.56761000e-03 1.01598000e-03 6.28620000e-03 3.04580000e-03 -8.53741000e-03 1.18150800e-02 6.14725000e-03 2.81506000e-03 1.01003700e-02 5.67020000e-04 7.97200000e-04 1.71258000e-03 -4.63240000e-04 4.73219000e-03 2.69896000e-03 7.48783000e-03
1.10361000e-03 2.44742000e-03 3.41747000e-03 -1.39210000e-03 -8.55320000e-04 -5.29200000e-04 -9.33800000e-05 1.39500000e-04 -7.83700000e-04 4.39350000e-04 -5.20340000e-04 -4.22400000e-05 1.74400000e-04 -1.23160000e-04 -7.06800000e-04 1.57115000e-03 1.82408000e-03 -1.34915000e-03 2.63628000e-03 2.28631000e-03 1.28217000e-03 2.31565000e-03 5.62987000e-03 2.05477000e-03 1.29250000e-04 2.14935000e-02 1.29570000e-03 4.39880000e-04 8.53330000e-04 -7.77930000e-04 1.40186000e-03 1.81008000e-03 2.12727000e-03 2.09075000e-03 -2.60470000e-04 1.33618000e-03 2.50794000e-03 -2.06273000e-03 6.62750000e-04 1.29942000e-03 -5.50320000e-04 -5.48490000e-04 2.38898000e-03 2.50224000e-03 3.26866000e-03 -1.84299000e-03 1.94965000e-03 -7.72400000e-04
3.88593000e-03 2.34051000e-03 8.53990000e-04 1.63942000e-03 1.33187000e-03 -7.60500000e-05 -4.67160000e-04 4.84065000e-03 8.36820000e-04 -5.44550000e-04 5.20800000e-04 -3.50400000e-05 -1.65240000e-04 1.39256000e-03 1.05560000e-03 2.99334000e-03 2.76105000e-03 6.14290000e-04 -4.90519000e-03 -4.49551000e-03 2.47317000e-03 3.06055000e-03 -1.91600000e-05 2.07984000e-03 4.29081000e-03 1.29570000e-03 5.14742800e-02 4.28866000e-03 3.86030000e-03 6.13320000e-04 2.35777000e-03 1.52145000e-03 1.95467000e-03 1.02466000e-03 3.93929000e-03 2.36371000e-03 -5.05622000e-03 7.32440000e-03 5.03101000e-03 2.24227000e-03 6.71511000e-03 3.32450000e-04 1.63695000e-03 2.35743000e-03 1.15313000e-03 3.01897000e-03 2.52294000e-03 4.50549000e-03
4.81943000e-03 2.01046000e-03 -5.34720000e-04 2.47852000e-03 1.72788000e-03 -5.52200000e-05 -7.05250000e-04 6.87867000e-03 1.52619000e-03 -1.30173000e-03 7.41650000e-04 -3.15110000e-04 -4.97070000e-04 1.68641000e-03 1.37285000e-03 3.68156000e-03 2.89959000e-03 1.71476000e-03 -7.67784000e-03 -7.13522000e-03 2.96124000e-03 2.85914000e-03 -3.53781000e-03 2.12422000e-03 6.20658000e-03 4.39880000e-04 4.28866000e-03 5.81461700e-02 5.00593000e-03 9.41840000e-04 2.90523000e-03 1.77340000e-03 1.71301000e-03 1.17231000e-03 6.15070000e-03 2.99903000e-03 -7.85612000e-03 1.12012700e-02 6.07503000e-03 2.83008000e-03 9.66509000e-03 5.69050000e-04 1.09715000e-03 1.87859000e-03 -7.29500000e-05 4.45822000e-03 2.80245000e-03 7.53640000e-03
4.24117000e-03 2.13460000e-03 2.64200000e-04 2.06917000e-03 1.59379000e-03 -2.74700000e-05 -5.34240000e-04 5.70419000e-03 1.11560000e-03 -7.77280000e-04 6.71300000e-04 -8.00000000e-05 -2.68280000e-04 1.53289000e-03 1.27483000e-03 3.16993000e-03 2.78936000e-03 1.07993000e-03 -6.11093000e-03 -5.57690000e-03 2.65097000e-03 2.93803000e-03 -1.45255000e-03 2.02934000e-03 5.02512000e-03 8.53330000e-04 3.86030000e-03 5.00593000e-03 4.15737300e-02 8.11590000e-04 2.49009000e-03 1.50874000e-03 1.79060000e-03 9.23350000e-04 4.90226000e-03 2.54348000e-03 -6.23388000e-03 8.93478000e-03 5.54335000e-03 2.39991000e-03 7.88642000e-03 4.76160000e-04 1.42058000e-03 2.09327000e-03 6.04180000e-04 3.72543000e-03 2.50912000e-03 5.88703000e-03
7.04550000e-04 -1.75400000e-04 -1.08395000e-03 1.65870000e-03 1.36620000e-03 6.39390000e-04 3.18080000e-04 1.25563000e-03 5.36530000e-04 2.02960000e-04 9.23680000e-04 5.54280000e-04 3.13710000e-04 1.02507000e-03 1.29380000e-03 1.64520000e-04 1.24930000e-04 6.17310000e-04 -2.34208000e-03 -1.99182000e-03 1.90660000e-04 1.13640000e-04 -1.83514000e-03 -2.87110000e-04 1.01044000e-03 -7.77930000e-04 6.13320000e-04 9.41840000e-04 8.11590000e-04 3.04098100e-02 1.17560000e-04 -4.68080000e-04 -2.16240000e-04 -9.83960000e-04 9.59040000e-04 1.24450000e-04 -2.37052000e-03 2.83870000e-03 1.54856000e-03 1.38110000e-04 1.93982000e-03 8.67380000e-04 -3.93110000e-04 -2.18990000e-04 -8.85260000e-04 2.35653000e-03 -3.93300000e-05 1.26407000e-03
2.53719000e-03 1.79815000e-03 9.16930000e-04 5.43810000e-04 3.34670000e-04 -1.43520000e-04 -2.66860000e-04 2.98204000e-03 4.30430000e-04 -4.45430000e-04 1.40050000e-04 -1.84460000e-04 -6.38400000e-05 6.55430000e-04 2.72780000e-04 2.30694000e-03 1.95044000e-03 3.48010000e-04 -2.39939000e-03 -2.27523000e-03 1.89299000e-03 1.98723000e-03 5.00100000e-05 1.80544000e-03 2.92460000e-03 1.40186000e-03 2.35777000e-03 2.90523000e-03 2.49009000e-03 1.17560000e-04 2.30954100e-02 1.70327000e-03 1.62557000e-03 1.53881000e-03 2.77167000e-03 2.05577000e-03 -2.44647000e-03 4.17999000e-03 2.77884000e-03 1.95584000e-03 3.90648000e-03 1.08920000e-04 1.32629000e-03 1.67701000e-03 1.11061000e-03 1.15733000e-03 2.10393000e-03 3.10677000e-03
1.57929000e-03 1.68094000e-03 1.57221000e-03 -6.03300000e-04 -5.81470000e-04 -3.89060000e-04 -2.66530000e-04 1.57397000e-03 -5.34500000e-05 -3.97300000e-04 -3.95900000e-04 -4.21750000e-04 -1.05440000e-04 -1.99610000e-04 -5.32020000e-04 1.83996000e-03 1.60353000e-03 -4.66500000e-05 2.15600000e-05 -2.01750000e-04 1.54192000e-03 1.54488000e-03 1.36738000e-03 1.75590000e-03 1.65099000e-03 1.81008000e-03 1.52145000e-03 1.77340000e-03 1.50874000e-03 -4.68080000e-04 1.70327000e-03 3.81016600e-02 1.55067000e-03 2.21612000e-03 1.76671000e-03 1.69191000e-03 -4.08600000e-05 1.35017000e-03 1.24714000e-03 1.75141000e-03 1.63017000e-03 -3.20830000e-04 1.46236000e-03 1.52376000e-03 1.62133000e-03 -5.81060000e-04 1.85440000e-03 1.95344000e-03
1.95838000e-03 2.13299000e-03 2.12757000e-03 -1.92070000e-04 -9.80100000e-05 -3.13410000e-04 -2.10040000e-04 1.68455000e-03 -8.46900000e-05 3.51500000e-05 -1.55420000e-04 -4.44100000e-05 8.16900000e-05 3.55180000e-04 -2.78400000e-05 1.88181000e-03 1.93530000e-03 -4.86940000e-04 -2.60120000e-04 -3.03240000e-04 1.57357000e-03 2.28859000e-03 2.96085000e-03 1.84843000e-03 1.56761000e-03 2.12727000e-03 1.95467000e-03 1.71301000e-03 1.79060000e-03 -2.16240000e-04 1.62557000e-03 1.55067000e-03 2.79020600e-02 1.51496000e-03 1.29338000e-03 1.57817000e-03 -3.40350000e-04 1.44056000e-03 2.12740000e-03 1.53685000e-03 1.93426000e-03 -1.70680000e-04 1.87917000e-03 2.18209000e-03 2.16295000e-03 4.20000000e-05 1.94008000e-03 1.18553000e-03
9.95430000e-04 1.63061000e-03 2.07385000e-03 -1.47344000e-03 -1.35166000e-03 -7.36200000e-04 -4.20620000e-04 9.10220000e-04 -3.67280000e-04 -5.40830000e-04 -9.34610000e-04 -7.26320000e-04 -3.63920000e-04 -7.79730000e-04 -1.19958000e-03 1.66602000e-03 1.37221000e-03 -3.69970000e-04 1.65650000e-03 1.10999000e-03 1.36706000e-03 1.33410000e-03 2.30994000e-03 1.79531000e-03 1.01598000e-03 2.09075000e-03 1.02466000e-03 1.17231000e-03 9.23350000e-04 -9.83960000e-04 1.53881000e-03 2.21612000e-03 1.51496000e-03 7.11276000e-02 1.14153000e-03 1.54065000e-03 1.49892000e-03 -1.73660000e-04 1.83960000e-04 1.60395000e-03 5.90720000e-04 -8.07310000e-04 1.55784000e-03 1.53701000e-03 2.00921000e-03 -1.76937000e-03 1.75817000e-03 1.13820000e-03
4.57916000e-03 1.37355000e-03 -1.34629000e-03 2.51921000e-03 1.46316000e-03 -4.50600000e-05 -7.48580000e-04 6.79375000e-03 1.77557000e-03 -1.57183000e-03 6.50250000e-04 -4.75940000e-04 -5.80590000e-04 1.16120000e-03 1.30706000e-03 3.34149000e-03 2.49079000e-03 2.30197000e-03 -8.22998000e-03 -7.50715000e-03 2.83009000e-03 2.06578000e-03 -5.38988000e-03 1.80848000e-03 6.28620000e-03 -2.60470000e-04 3.93929000e-03 6.15070000e-03 4.90226000e-03 9.59040000e-04 2.77167000e-03 1.76671000e-03 1.29338000e-03 1.14153000e-03 6.74282300e-02 2.87886000e-03 -8.15002000e-03 1.16447700e-02 5.86711000e-03 2.80298000e-03 9.41229000e-03 6.40450000e-04 6.19010000e-04 1.09637000e-03 -8.71770000e-04 4.51555000e-03 2.36497000e-03 8.75111000e-03
2.55513000e-03 1.73477000e-03 8.27130000e-04 5.78240000e-04 3.40310000e-04 -1.53400000e-04 -2.74680000e-04 3.10503000e-03 4.45820000e-04 -4.92980000e-04 1.35830000e-04 -2.15540000e-04 -1.09460000e-04 6.83850000e-04 2.53130000e-04 2.32007000e-03 1.94220000e-03 3.93950000e-04 -2.53275000e-03 -2.40921000e-03 1.93342000e-03 1.94190000e-03 -1.74070000e-04 1.79524000e-03 3.04580000e-03 1.33618000e-03 2.36371000e-03 2.99903000e-03 2.54348000e-03 1.24450000e-04 2.05577000e-03 1.69191000e-03 1.57817000e-03 1.54065000e-03 2.87886000e-03 7.68989100e-02 -2.59346000e-03 4.38022000e-03 2.76144000e-03 1.96822000e-03 4.09677000e-03 9.25300000e-05 1.27421000e-03 1.62685000e-03 1.01330000e-03 1.21362000e-03 2.08165000e-03 3.25431000e-03
-6.04599000e-03 -6.03950000e-04 4.20071000e-03 -5.48648000e-03 -3.92307000e-03 -5.86600000e-04 8.71590000e-04 -9.20584000e-03 -2.92877000e-03 2.06309000e-03 -1.82773000e-03 2.46930000e-04 8.29940000e-04 -2.97074000e-03 -3.00230000e-03 -3.43549000e-03 -2.61412000e-03 -3.43447000e-03 1.49687400e-02 1.34776800e-02 -2.84364000e-03 -2.26958000e-03 9.82959000e-03 -7.88720000e-04 -8.53741000e-03 2.50794000e-03 -5.05622000e-03 -7.85612000e-03 -6.23388000e-03 -2.37052000e-03 -2.44647000e-03 -4.08600000e-05 -3.40350000e-04 1.49892000e-03 -8.15002000e-03 -2.59346000e-03 3.45336100e-02 -1.79566400e-02 -8.82596000e-03 -2.34663000e-03 -1.44972200e-02 -1.41251000e-03 9.60970000e-04 -5.23950000e-04 3.30492000e-03 -8.89233000e-03 -1.91028000e-03 -9.92404000e-03
8.47076000e-03 1.81402000e-03 -4.02015000e-03 6.60414000e-03 4.55431000e-03 4.96970000e-04 -1.24244000e-03 1.31768600e-02 3.68005000e-03 -2.70751000e-03 2.00486000e-03 -3.58670000e-04 -1.08239000e-03 3.70474000e-03 3.73400000e-03 5.56830000e-03 4.08002000e-03 4.25092000e-03 -1.76619500e-02 -1.61948400e-02 4.56673000e-03 3.83921000e-03 -1.10238300e-02 2.11057000e-03 1.18150800e-02 -2.06273000e-03 7.32440000e-03 1.12012700e-02 8.93478000e-03 2.83870000e-03 4.17999000e-03 1.35017000e-03 1.44056000e-03 -1.73660000e-04 1.16447700e-02 4.38022000e-03 -1.79566400e-02 1.10710130e-01 1.18901900e-02 4.07449000e-03 1.95618500e-02 1.65729000e-03 -1.11500000e-05 1.74955000e-03 -2.93296000e-03 1.11397000e-02 3.53630000e-03 1.42169500e-02
5.49902000e-03 2.66444000e-03 6.81500000e-05 3.44653000e-03 2.70901000e-03 2.23300000e-04 -5.80820000e-04 7.14601000e-03 1.54105000e-03 -7.12840000e-04 1.18747000e-03 2.50870000e-04 -1.85160000e-04 2.30748000e-03 2.34919000e-03 3.68247000e-03 3.52603000e-03 1.29303000e-03 -8.70668000e-03 -7.76820000e-03 3.14360000e-03 3.94084000e-03 -1.49949000e-03 2.18734000e-03 6.14725000e-03 6.62750000e-04 5.03101000e-03 6.07503000e-03 5.54335000e-03 1.54856000e-03 2.77884000e-03 1.24714000e-03 2.12740000e-03 1.83960000e-04 5.86711000e-03 2.76144000e-03 -8.82596000e-03 1.18901900e-02 1.89988730e-01 2.67757000e-03 1.02051300e-02 9.12350000e-04 1.63806000e-03 2.72651000e-03 6.03110000e-04 5.93494000e-03 2.85665000e-03 6.82669000e-03
2.42057000e-03 1.67605000e-03 8.14260000e-04 5.40290000e-04 2.65800000e-04 -1.16900000e-04 -2.32460000e-04 2.87849000e-03 4.04580000e-04 -4.93950000e-04 7.35800000e-05 -2.28850000e-04 -4.16800000e-05 5.22290000e-04 2.12480000e-04 2.19086000e-03 1.90556000e-03 4.20920000e-04 -2.25850000e-03 -2.22375000e-03 1.88624000e-03 1.84869000e-03 -9.50100000e-05 1.70951000e-03 2.81506000e-03 1.29942000e-03 2.24227000e-03 2.83008000e-03 2.39991000e-03 1.38110000e-04 1.95584000e-03 1.75141000e-03 1.53685000e-03 1.60395000e-03 2.80298000e-03 1.96822000e-03 -2.34663000e-03 4.07449000e-03 2.67757000e-03 2.94181800e-02 3.71935000e-03 1.01490000e-04 1.26355000e-03 1.56757000e-03 1.01038000e-03 1.15266000e-03 1.99210000e-03 3.22041000e-03
7.60125000e-03 2.48828000e-03 -1.96473000e-03 4.92779000e-03 3.55051000e-03 2.17000000e-05 -1.25776000e-03 1.14048800e-02 2.73029000e-03 -2.25804000e-03 1.37154000e-03 -4.88630000e-04 -1.14197000e-03 3.18643000e-03 2.69733000e-03 5.34539000e-03 4.20648000e-03 2.92851000e-03 -1.40196500e-02 -1.30178300e-02 4.32013000e-03 4.32338000e-03 -6.75940000e-03 2.54445000e-03 1.01003700e-02 -5.50320000e-04 6.71511000e-03 9.66509000e-03 7.88642000e-03 1.93982000e-03 3.90648000e-03 1.63017000e-03 1.93426000e-03 5.90720000e-04 9.41229000e-03 4.09677000e-03 -1.44972200e-02 1.95618500e-02 1.02051300e-02 3.71935000e-03 7.68975900e-02 9.11240000e-04 8.71510000e-04 2.57753000e-03 -1.15707000e-03 8.61669000e-03 3.70014000e-03 1.12855500e-02
3.99370000e-04 -1.77930000e-04 -8.83050000e-04 1.22711000e-03 1.14743000e-03 6.85320000e-04 4.07700000e-04 6.61770000e-04 4.40800000e-04 3.63480000e-04 9.23660000e-04 5.89280000e-04 4.93300000e-04 8.00090000e-04 1.07936000e-03 5.75600000e-05 -2.85200000e-05 5.61390000e-04 -1.48154000e-03 -1.14848000e-03 1.92800000e-05 -9.84500000e-05 -1.61409000e-03 -2.44740000e-04 5.67020000e-04 -5.48490000e-04 3.32450000e-04 5.69050000e-04 4.76160000e-04 8.67380000e-04 1.08920000e-04 -3.20830000e-04 -1.70680000e-04 -8.07310000e-04 6.40450000e-04 9.25300000e-05 -1.41251000e-03 1.65729000e-03 9.12350000e-04 1.01490000e-04 9.11240000e-04 8.32062400e-02 -3.24730000e-04 -3.44130000e-04 -7.30400000e-04 1.57532000e-03 -2.86700000e-05 9.63030000e-04
1.50887000e-03 2.19136000e-03 2.73936000e-03 -6.09740000e-04 -2.55620000e-04 -3.86310000e-04 -1.59430000e-04 1.15522000e-03 -4.18870000e-04 3.03610000e-04 -2.79120000e-04 4.94800000e-05 1.52200000e-04 2.00650000e-04 -1.90890000e-04 1.59119000e-03 1.82180000e-03 -8.93760000e-04 1.07343000e-03 9.03620000e-04 1.37408000e-03 2.29859000e-03 4.34569000e-03 1.80166000e-03 7.97200000e-04 2.38898000e-03 1.63695000e-03 1.09715000e-03 1.42058000e-03 -3.93110000e-04 1.32629000e-03 1.46236000e-03 1.87917000e-03 1.55784000e-03 6.19010000e-04 1.27421000e-03 9.60970000e-04 -1.11500000e-05 1.63806000e-03 1.26355000e-03 8.71510000e-04 -3.24730000e-04 1.20162780e-01 2.26468000e-03 2.64948000e-03 -5.67470000e-04 1.73924000e-03 4.93460000e-04
2.31485000e-03 2.58251000e-03 2.71828000e-03 -1.15720000e-04 3.30000000e-05 -4.48490000e-04 -3.28990000e-04 2.05937000e-03 -2.01090000e-04 8.28700000e-05 -2.52220000e-04 -3.12700000e-05 -4.15400000e-05 5.49650000e-04 4.15000000e-05 2.13019000e-03 2.34508000e-03 -8.32580000e-04 -2.64060000e-04 -3.88460000e-04 1.79653000e-03 2.97686000e-03 4.36892000e-03 2.08005000e-03 1.71258000e-03 2.50224000e-03 2.35743000e-03 1.87859000e-03 2.09327000e-03 -2.18990000e-04 1.67701000e-03 1.52376000e-03 2.18209000e-03 1.53701000e-03 1.09637000e-03 1.62685000e-03 -5.23950000e-04 1.74955000e-03 2.72651000e-03 1.56757000e-03 2.57753000e-03 -3.44130000e-04 2.26468000e-03 7.34394600e-02 2.73293000e-03 3.06200000e-04 2.16720000e-03 7.42670000e-04
8.49920000e-04 2.57097000e-03 3.96431000e-03 -1.60364000e-03 -9.25710000e-04 -6.35880000e-04 -1.38450000e-04 -2.13210000e-04 -1.00859000e-03 6.24390000e-04 -6.82410000e-04 2.22500000e-05 1.57420000e-04 -2.39950000e-04 -7.42510000e-04 1.33797000e-03 1.79449000e-03 -1.74234000e-03 3.47794000e-03 3.05120000e-03 1.12558000e-03 2.50306000e-03 7.05534000e-03 1.99502000e-03 -4.63240000e-04 3.26866000e-03 1.15313000e-03 -7.29500000e-05 6.04180000e-04 -8.85260000e-04 1.11061000e-03 1.62133000e-03 2.16295000e-03 2.00921000e-03 -8.71770000e-04 1.01330000e-03 3.30492000e-03 -2.93296000e-03 6.03110000e-04 1.01038000e-03 -1.15707000e-03 -7.30400000e-04 2.64948000e-03 2.73293000e-03 2.65105500e-02 -2.06778000e-03 1.77399000e-03 -1.57623000e-03
3.45067000e-03 2.68510000e-04 -2.66932000e-03 4.39843000e-03 3.26792000e-03 8.99100000e-04 -4.07200000e-05 5.63713000e-03 1.75483000e-03 -5.72370000e-04 1.73900000e-03 6.60890000e-04 3.52000000e-06 2.59948000e-03 3.00573000e-03 1.71040000e-03 1.34024000e-03 1.87699000e-03 -8.67620000e-03 -7.78265000e-03 1.48826000e-03 1.41361000e-03 -5.37767000e-03 5.83300000e-05 4.73219000e-03 -1.84299000e-03 3.01897000e-03 4.45822000e-03 3.72543000e-03 2.35653000e-03 1.15733000e-03 -5.81060000e-04 4.20000000e-05 -1.76937000e-03 4.51555000e-03 1.21362000e-03 -8.89233000e-03 1.11397000e-02 5.93494000e-03 1.15266000e-03 8.61669000e-03 1.57532000e-03 -5.67470000e-04 3.06200000e-04 -2.06778000e-03 4.46230700e-02 8.10660000e-04 5.59927000e-03
2.63551000e-03 2.25740000e-03 1.61132000e-03 2.61600000e-04 2.57840000e-04 -2.74750000e-04 -3.27100000e-04 2.89033000e-03 2.22860000e-04 -3.29550000e-04 5.66900000e-05 -1.63920000e-04 -7.04900000e-05 6.77550000e-04 1.82370000e-04 2.50325000e-03 2.21576000e-03 -2.35300000e-05 -1.76716000e-03 -1.75464000e-03 1.94248000e-03 2.46972000e-03 1.47109000e-03 2.06887000e-03 2.69896000e-03 1.94965000e-03 2.52294000e-03 2.80245000e-03 2.50912000e-03 -3.93300000e-05 2.10393000e-03 1.85440000e-03 1.94008000e-03 1.75817000e-03 2.36497000e-03 2.08165000e-03 -1.91028000e-03 3.53630000e-03 2.85665000e-03 1.99210000e-03 3.70014000e-03 -2.86700000e-05 1.73924000e-03 2.16720000e-03 1.77399000e-03 8.10660000e-04 5.15370500e-02 2.56328000e-03
5.29035000e-03 1.25140000e-03 -2.12687000e-03 3.12673000e-03 1.86584000e-03 -5.36000000e-06 -8.69550000e-04 8.37911000e-03 2.21448000e-03 -1.94124000e-03 9.57870000e-04 -4.97920000e-04 -6.59660000e-04 1.43225000e-03 1.72601000e-03 3.82432000e-03 2.64202000e-03 3.08165000e-03 -1.00435900e-02 -9.17742000e-03 3.13402000e-03 2.00816000e-03 -7.60599000e-03 1.87222000e-03 7.48783000e-03 -7.72400000e-04 4.50549000e-03 7.53640000e-03 5.88703000e-03 1.26407000e-03 3.10677000e-03 1.95344000e-03 1.18553000e-03 1.13820000e-03 8.75111000e-03 3.25431000e-03 -9.92404000e-03 1.42169500e-02 6.82669000e-03 3.22041000e-03 1.12855500e-02 9.63030000e-04 4.93460000e-04 7.42670000e-04 -1.57623000e-03 5.59927000e-03 2.56328000e-03 4.49900500e-02
